(Pdb) pixel_values_videos
tensor([[ 1.4632,  1.4632,  1.4632,  ...,  2.0890,  2.0890,  2.0890],
        [ 1.4778,  1.4778,  1.4778,  ...,  2.0606,  2.0606,  2.0606],
        [ 1.5070,  1.5070,  1.5070,  ...,  2.0890,  2.0890,  2.0890],
        ...,
        [ 0.3099,  0.3683,  0.6165,  ..., -0.5844, -0.6839, -0.6981],
        [ 0.7041,  0.7479,  0.7625,  ..., -0.7408, -0.7408, -0.7266],
        [ 0.6603,  0.6749,  0.6603,  ..., -0.6697, -0.9399, -1.0536]])

tensor([[ 1.4632,  1.4632,  1.4632,  ...,  2.0890,  2.0890,  2.0890],
        [ 1.4778,  1.4778,  1.4778,  ...,  2.0606,  2.0606,  2.0606],
        [ 1.5070,  1.5070,  1.5070,  ...,  2.0890,  2.0890,  2.0890],
        ...,
        [ 0.3099,  0.3683,  0.6165,  ..., -0.5844, -0.6839, -0.6981],
        [ 0.7041,  0.7479,  0.7625,  ..., -0.7408, -0.7408, -0.7266],
        [ 0.6603,  0.6749,  0.6603,  ..., -0.6697, -0.9399, -1.0536]])
